[{"id": 0, "img_name": "1.jpeg", "width": 1430, "height": 1071, "position": [3.3257635641926315, -1.2393842635955605, 0.3465689553795114], "rotation": [[0.09637665573875341, 0.6452439527696412, -0.7578731962820843], [0.06621349967647254, 0.7555748263295196, 0.6517073379038402], [0.9931401274186876, -0.1129908103844087, 0.03009591466407007]], "fy": 1007.9013840044225, "fx": 1005.5420794547935}, {"id": 1, "img_name": "17.jpeg", "width": 1430, "height": 1071, "position": [-1.1010509976994072, -1.6511607647393216, -1.4054479874], "rotation": [[0.7886853169497121, -0.5041925911300787, 0.351802930456057], [-0.009149333138059868, 0.5625371461330709, 0.8267213853067965], [-0.6147290139004834, -0.6552417800094837, 0.4390517614119569]], "fy": 1007.9013840044225, "fx": 1005.5420794547935}, {"id": 2, "img_name": "24.jpeg", "width": 1430, "height": 1071, "position": [-1.0659871552506865, -0.6967469106778515, -1.7807946140398743], "rotation": [[0.8965889337170486, -0.27896720149660087, 0.3439557884747407], [0.06446353351071239, 0.8506000239301243, 0.5218467707453835], [-0.4381469351523972, -0.4457094342497437, 0.7806217800172722]], "fy": 1007.9013840044225, "fx": 1005.5420794547935}, {"id": 3, "img_name": "31.jpeg", "width": 1430, "height": 1071, "position": [0.05981378827756502, -1.9963922483313745, 0.3350240840098695], "rotation": [[0.23830754177408006, -0.9659090334306762, 0.10113977788492426], [0.049412550256827246, 0.11606397688044079, 0.9920118714752424], [-0.9699319127705364, -0.23140633614426637, 0.07538694967681832]], "fy": 1007.9013840044225, "fx": 1005.5420794547935}, {"id": 4, "img_name": "39.jpeg", "width": 1430, "height": 1071, "position": [3.433373480329908, 1.0747336514243069, 1.9827775101922933], "rotation": [[-0.4128768783853298, 0.07306250682666604, -0.9078516141919826], [-0.028400093302585482, 0.9952597822126422, 0.09301290561233069], [0.9103439558733771, 0.0641859486667236, -0.4088447700516209]], "fy": 1007.9013840044225, "fx": 1005.5420794547935}, {"id": 5, "img_name": "46.jpeg", "width": 1430, "height": 1071, "position": [3.7694032750916695, 1.1223119039240412, -0.4485863886023055], "rotation": [[0.2544229970497097, 0.058609891672089034, -0.965315398805193], [-0.020583443126587633, 0.9982639441519054, 0.05518532119446414], [0.9668739630589386, 0.0058290997990795386, 0.2551876978896797]], "fy": 1007.9013840044225, "fx": 1005.5420794547935}, {"id": 6, "img_name": "53.jpeg", "width": 1430, "height": 1071, "position": [1.1167459563703133, -1.2032410607837294, -3.350447098242864], "rotation": [[0.9528499863117676, 0.16600073417221117, -0.25400917274766144], [-0.01017375637842534, 0.8540999515770679, 0.520009391643269], [0.3032711629331362, -0.4929067142678593, 0.8155179781971983]], "fy": 1007.9013840044225, "fx": 1005.5420794547935}, {"id": 7, "img_name": "60.jpeg", "width": 1430, "height": 1071, "position": [-3.6921514492964373, -1.8270684796390932, -0.026069427592894535], "rotation": [[0.0668909520912306, -0.6640102010390386, 0.7447254886496256], [0.02025424778914292, 0.7471470590031521, 0.6643500866782786], [-0.9975546932247998, -0.029355155237801453, 0.06342640527524704]], "fy": 1007.9013840044225, "fx": 1005.5420794547935}, {"id": 8, "img_name": "68.jpeg", "width": 1430, "height": 1071, "position": [-2.641677120772618, 0.9663181345780716, 3.588438021741183], "rotation": [[-0.649099233245587, -0.020631928090765753, 0.7604239008232504], [0.004384903376306719, 0.9995140392762256, 0.030861916857252248], [-0.7606911055233732, 0.02336683189867568, -0.6486933275012527]], "fy": 1007.9013840044225, "fx": 1005.5420794547935}, {"id": 9, "img_name": "75.jpeg", "width": 1430, "height": 1071, "position": [-3.576113481376991, 1.0446527190896169, -0.3894682536416021], "rotation": [[0.35967962884363114, -0.03874983774631824, 0.9322708912486443], [0.014292552714815087, 0.9992488748522919, 0.03601956472978473], [-0.9329663914267232, 0.0003690271845407845, 0.35996329852796805]], "fy": 1007.9013840044225, "fx": 1005.5420794547935}, {"id": 10, "img_name": "82.jpeg", "width": 1430, "height": 1071, "position": [-2.1727207006819382, 1.098221093481623, -2.7469747307096832], "rotation": [[0.8932511675716429, -0.027720507094126226, 0.44870249065315104], [0.01493123920856207, 0.9993758079572161, 0.03201644211273488], [-0.44930992613962284, -0.02189904007727057, 0.8931075088230424]], "fy": 1007.9013840044225, "fx": 1005.5420794547935}, {"id": 11, "img_name": "9.jpeg", "width": 1430, "height": 1071, "position": [-1.6262178023622085, -2.0605270829882523, -0.16881180470793442], "rotation": [[0.6696333655382326, -0.6354158765455368, 0.3844968395082159], [-0.08187236442663362, 0.4513957513797859, 0.8885599538463743], [-0.7381653417095198, -0.6264890577417498, 0.2502466559791003]], "fy": 1007.9013840044225, "fx": 1005.5420794547935}, {"id": 12, "img_name": "10.jpeg", "width": 1430, "height": 1071, "position": [-1.9383732859267795, -2.4004649286956075, 1.1271806715411725], "rotation": [[-0.14855839130850249, -0.8662833413836286, 0.4769523842198978], [-0.03590797598706064, 0.48671156402235277, 0.8728244214659829], [-0.9882514971566407, 0.11253899718822151, -0.1034115684027999]], "fy": 1007.9013840044225, "fx": 1005.5420794547935}, {"id": 13, "img_name": "11.jpeg", "width": 1430, "height": 1071, "position": [-0.9725259718018266, -2.168291335249149, -1.4238695088743951], "rotation": [[0.9538397101506148, -0.18195830748681074, 0.23891626498906712], [-0.10443848828253717, 0.544914378994413, 0.8319620915224393], [-0.2815713222347923, -0.818510533775631, 0.5007575227525617]], "fy": 1007.9013840044225, "fx": 1005.5420794547935}, {"id": 14, "img_name": "12.jpeg", "width": 1430, "height": 1071, "position": [-0.4731857491744085, -2.1089810151980815, -1.3206542832876298], "rotation": [[0.9743897680519166, 0.20954755656595062, 0.08157451472716211], [-0.17515239837958205, 0.47976815676738316, 0.8597349318795344], [0.14101849969990615, -0.852004892761343, 0.5041839400983734]], "fy": 1007.9013840044225, "fx": 1005.5420794547935}, {"id": 15, "img_name": "13.jpeg", "width": 1430, "height": 1071, "position": [1.7002132786140676, -2.2009344125692847, 0.12980007191622436], "rotation": [[-0.02066575803496845, 0.9012643403718141, -0.432776518793475], [0.0053325276039298975, 0.43296216735486803, 0.9013963200439242], [0.9997722193550856, 0.01632024551083969, -0.013753508362321629]], "fy": 1007.9013840044225, "fx": 1005.5420794547935}, {"id": 16, "img_name": "14.jpeg", "width": 1430, "height": 1071, "position": [2.080835123482102, -2.0413613024823674, -0.23572738765269174], "rotation": [[0.6055048648452185, 0.6317967736146857, -0.48393873114150227], [0.1572535197838724, 0.5011130299800495, 0.8509741839208737], [0.7801507477176168, -0.591370077053521, 0.2040741110512442]], "fy": 1007.9013840044225, "fx": 1005.5420794547935}, {"id": 17, "img_name": "15.jpeg", "width": 1430, "height": 1071, "position": [0.6367987731344958, -2.3621982132472525, 0.4983022944106112], "rotation": [[-0.2196143072669795, 0.9586342910771526, -0.18107968415769138], [0.018830393158085944, 0.18974172120310576, 0.9816534498123024], [0.975405029891253, 0.21217534071113825, -0.05972145725746994]], "fy": 1007.9013840044225, "fx": 1005.5420794547935}, {"id": 18, "img_name": "16.jpeg", "width": 1430, "height": 1071, "position": [0.056077027498128165, -1.9246284747150622, 1.4612574039705197], "rotation": [[-0.9820643494390743, -0.18342479167400386, 0.043645840124303475], [-0.023908192970076528, 0.35076400520232925, 0.9361586462578476], [-0.1870240943560844, 0.9183245387409446, -0.3488581798905078]], "fy": 1007.9013840044225, "fx": 1005.5420794547935}, {"id": 19, "img_name": "18.jpeg", "width": 1430, "height": 1071, "position": [-1.4302077590315847, -1.754289563487517, 0.44200701919686347], "rotation": [[-0.049468921723753854, -0.8908656884903052, 0.45156522325593645], [0.02503821433264826, 0.45087053427763274, 0.8922381123574774], [-0.9984617737332369, 0.055444444184214244, 1.606882295142009e-06]], "fy": 1007.9013840044225, "fx": 1005.5420794547935}, {"id": 20, "img_name": "19.jpeg", "width": 1430, "height": 1071, "position": [-0.1811509977649893, -1.7836206376292727, -0.8306730673987932], "rotation": [[0.9932325472268395, -0.026234687102631497, 0.11314083401633046], [-0.09277908958635023, 0.4067763680991574, 0.908804174116507], [-0.06986521069038448, -0.9131509883631981, 0.40158949785384374]], "fy": 1007.9013840044225, "fx": 1005.5420794547935}, {"id": 21, "img_name": "2.jpeg", "width": 1430, "height": 1071, "position": [2.7119249095644786, -1.2040475151929362, 2.440972171837937], "rotation": [[-0.5437889549451311, 0.5496819866360897, -0.6341476847292623], [0.057422358810403064, 0.7782374182476223, 0.6253392627589643], [0.837255185226303, 0.30363832829054593, -0.45476094863630395]], "fy": 1007.9013840044225, "fx": 1005.5420794547935}, {"id": 22, "img_name": "20.jpeg", "width": 1430, "height": 1071, "position": [-3.058132774511736, 0.7708099129325581, -0.8373634680730506], "rotation": [[0.38213004987397514, -0.22446439676930188, 0.896433131675925], [0.06670253857735152, 0.9742211638474987, 0.21550845751144415], [-0.9216981047667667, -0.022557892069482114, 0.3872515270140731]], "fy": 1007.9013840044225, "fx": 1005.5420794547935}, {"id": 23, "img_name": "21.jpeg", "width": 1430, "height": 1071, "position": [-2.4985505271662767, -0.6376008687787545, -0.5077141477291839], "rotation": [[0.3568239137286902, -0.41625742202902677, 0.8363052392500533], [0.05409478527862736, 0.9029420053222559, 0.42634433176750697], [-0.932604122228183, -0.10689010071270222, 0.3447086560744143]], "fy": 1007.9013840044225, "fx": 1005.5420794547935}, {"id": 24, "img_name": "22.jpeg", "width": 1430, "height": 1071, "position": [-2.9576966309562973, 0.07785812838073917, -0.746679907847212], "rotation": [[0.37806735901608246, -0.280301472608228, 0.8823242921399497], [0.07429413296604591, 0.9591747068879308, 0.27288140917489345], [-0.9227922051325683, -0.037616035411921135, 0.38345740314467913]], "fy": 1007.9013840044225, "fx": 1005.5420794547935}, {"id": 25, "img_name": "23.jpeg", "width": 1430, "height": 1071, "position": [-1.3813455119885478, 0.1508174135264826, -1.9783896888422081], "rotation": [[0.8382313588025107, -0.26292230770854913, 0.4777447532200725], [0.07388931134103209, 0.9227721003034018, 0.3781957437243264], [-0.5402856270433676, -0.2817153013431457, 0.7929236597551469]], "fy": 1007.9013840044225, "fx": 1005.5420794547935}, {"id": 26, "img_name": "25.jpeg", "width": 1430, "height": 1071, "position": [1.5957731193983784, 0.5856070530944852, 3.082132221762953], "rotation": [[-0.914478334707297, 0.05651286920855572, -0.40066902920588365], [-0.042715149649016335, 0.9711834989109538, 0.23447393764241592], [0.40237394466022613, 0.23153597356975453, -0.8857123131139564]], "fy": 1007.9013840044225, "fx": 1005.5420794547935}, {"id": 27, "img_name": "26.jpeg", "width": 1430, "height": 1071, "position": [-0.8770166769087724, -1.2018272814217623, -1.2499005988536087], "rotation": [[0.8905752767758743, -0.3330145154561475, 0.30980156373246737], [0.013073315737342658, 0.6995885768381213, 0.7144262814127457], [-0.4546479570076243, -0.6322002496465176, 0.6273898943525262]], "fy": 1007.9013840044225, "fx": 1005.5420794547935}, {"id": 28, "img_name": "27.jpeg", "width": 1430, "height": 1071, "position": [2.8780622195147467, 0.3779981961270249, -0.21716831981603962], "rotation": [[0.2422401189658513, 0.3832954393154947, -0.8912936278036278], [0.09380830635871758, 0.905097366114664, 0.41472733152085206], [0.965670609691275, -0.1840743438185768, 0.1832945976460877]], "fy": 1007.9013840044225, "fx": 1005.5420794547935}, {"id": 29, "img_name": "28.jpeg", "width": 1430, "height": 1071, "position": [3.3430593999704037, 0.40233007720444997, 1.029331723335653], "rotation": [[-0.26148390548341227, 0.37487039844805975, -0.8894370981359696], [0.034521231089385915, 0.9245406472403511, 0.37951663495091437], [0.9645903025519255, 0.06853302829866297, -0.2546934868719644]], "fy": 1007.9013840044225, "fx": 1005.5420794547935}, {"id": 30, "img_name": "29.jpeg", "width": 1430, "height": 1071, "position": [2.8008073080258016, 0.5093095773638193, -0.9251343717332892], "rotation": [[0.3885119783967038, 0.33907005622932396, -0.8567904875819536], [0.09467134822910497, 0.9102258001610115, 0.4031455426340841], [0.9165673889391672, -0.2377403829598364, 0.32153340704092875]], "fy": 1007.9013840044225, "fx": 1005.5420794547935}, {"id": 31, "img_name": "3.jpeg", "width": 1430, "height": 1071, "position": [2.941221540767815, -1.158877858532455, -0.7717190834211586], "rotation": [[0.47239501815697965, 0.6146697380829768, -0.631683512453405], [0.0953755703470622, 0.6768348698204689, 0.7299301744523796], [0.8762114170686429, -0.40506255329283836, 0.2611089437733742]], "fy": 1007.9013840044225, "fx": 1005.5420794547935}, {"id": 32, "img_name": "30.jpeg", "width": 1430, "height": 1071, "position": [2.508735315920865, -0.4082810641201667, -0.8287164291651149], "rotation": [[0.45544313616719334, 0.3964176633250003, -0.7971352369091068], [0.18154511837354548, 0.8352207523815929, 0.5190834853719213], [0.8715577546628376, -0.3811290214547733, 0.30842786724289384]], "fy": 1007.9013840044225, "fx": 1005.5420794547935}, {"id": 33, "img_name": "32.jpeg", "width": 1430, "height": 1071, "position": [-1.8923759595927832, -0.6388095800884829, -1.4674877359805154], "rotation": [[0.743718580435359, -0.3717586048046185, 0.5555881684025837], [0.013333412362790684, 0.8391896160925497, 0.5436754623460606], [-0.6683598530956045, -0.39693365692035043, 0.6290777207737208]], "fy": 1007.9013840044225, "fx": 1005.5420794547935}, {"id": 34, "img_name": "33.jpeg", "width": 1430, "height": 1071, "position": [0.2477614642174998, -2.071659026433099, 0.6642818262520575], "rotation": [[-0.9718464706228012, -0.23458750356763247, -0.021980461958525797], [-0.03641775778801025, 0.057389411755045236, 0.997687427171508], [-0.23278355709907433, 0.9703994840210476, -0.06431684815027917]], "fy": 1007.9013840044225, "fx": 1005.5420794547935}, {"id": 35, "img_name": "34.jpeg", "width": 1430, "height": 1071, "position": [0.7591530479140288, 1.002161224500133, 3.899049118628878], "rotation": [[-0.9867721479671487, -0.01273507957565926, -0.16161233165974867], [-0.019206096174625112, 0.9990724109157172, 0.03854145322619836], [0.16097159335121838, 0.041135574570653706, -0.9861014200571417]], "fy": 1007.9013840044225, "fx": 1005.5420794547935}, {"id": 36, "img_name": "35.jpeg", "width": 1430, "height": 1071, "position": [2.029441768703356, 1.0267312772540018, 3.357839647899165], "rotation": [[-0.8910353323679256, 0.005135188044941546, -0.45390490889141416], [-0.023149037832885425, 0.9981208836156579, 0.0567346784401773], [0.4533433119826426, 0.06106006496919054, -0.889242098613514]], "fy": 1007.9013840044225, "fx": 1005.5420794547935}, {"id": 37, "img_name": "36.jpeg", "width": 1430, "height": 1071, "position": [1.494272599469928, 1.0132322214513025, 3.6393975363129933], "rotation": [[-0.9451277355239645, -0.006538186154871246, -0.3266356007313758], [-0.021395452300472753, 0.998892126273678, 0.04191365755107438], [0.32599969043574367, 0.04660227666385827, -0.9442205407877672]], "fy": 1007.9013840044225, "fx": 1005.5420794547935}, {"id": 38, "img_name": "37.jpeg", "width": 1430, "height": 1071, "position": [2.4754992548641335, 1.0377595754888902, 3.0643236591541783], "rotation": [[-0.7933357130141268, 0.02560476099447385, -0.6082457091264865], [-0.023966299665026995, 0.9970270572262295, 0.07323020988069644], [0.6083124714624323, 0.0726735397047687, -0.7903635199641025]], "fy": 1007.9013840044225, "fx": 1005.5420794547935}, {"id": 39, "img_name": "38.jpeg", "width": 1430, "height": 1071, "position": [2.8143444434192575, 1.0459105313373465, 2.7025101469582173], "rotation": [[-0.6813640587238854, 0.009201680387997273, -0.7318868413609789], [-0.02549103718323831, 0.9990160813940157, 0.03629154363578652], [0.7315006674656125, 0.04338430815609006, -0.6804590915721392]], "fy": 1007.9013840044225, "fx": 1005.5420794547935}, {"id": 40, "img_name": "4.jpeg", "width": 1430, "height": 1071, "position": [2.3463457131567917, -1.3170647580866004, -1.1282928343713223], "rotation": [[0.6604854199471422, 0.51013331755955, -0.5509292226347542], [0.21504628896640168, 0.5744887449677415, 0.7897580487131282], [0.7193845311368782, -0.6400989612716744, 0.2697391631556254]], "fy": 1007.9013840044225, "fx": 1005.5420794547935}, {"id": 41, "img_name": "40.jpeg", "width": 1430, "height": 1071, "position": [3.1300509549046303, 1.0576356794298214, 2.427269800098478], "rotation": [[-0.5847526877493362, 0.032557361384003614, -0.8105580253070338], [-0.026346631204450056, 0.9979049522485733, 0.05908943477432589], [0.8107836636206376, 0.05590817916444788, -0.5826698261523519]], "fy": 1007.9013840044225, "fx": 1005.5420794547935}, {"id": 42, "img_name": "41.jpeg", "width": 1430, "height": 1071, "position": [3.5988596774319914, 1.0848239829518866, 1.5147290745503068], "rotation": [[-0.23603751707992546, 0.07646616383963381, -0.9687307243596611], [-0.028566344923166693, 0.995922308448932, 0.08557288981611581], [0.9713239698825897, 0.047871508451277224, -0.23289067007959915]], "fy": 1007.9013840044225, "fx": 1005.5420794547935}, {"id": 43, "img_name": "42.jpeg", "width": 1430, "height": 1071, "position": [3.74082806046716, 1.092711440587594, 1.1520478600087432], "rotation": [[-0.15202318677146043, 0.050416699553634974, -0.9870902223657002], [-0.027833154677878585, 0.9980837210469674, 0.05526482861383535], [0.9879849524079436, 0.035875370202379964, -0.1503286121412529]], "fy": 1007.9013840044225, "fx": 1005.5420794547935}, {"id": 44, "img_name": "43.jpeg", "width": 1430, "height": 1071, "position": [3.7962438252942676, 1.1115194058087297, 0.34307119062569874], "rotation": [[0.06238160147805223, 0.07298551420268815, -0.9953801537671939], [-0.023084651217516777, 0.9971612708017245, 0.07166937205847075], [0.9977853650335823, 0.01850715347262012, 0.06388936214380145]], "fy": 1007.9013840044225, "fx": 1005.5420794547935}, {"id": 45, "img_name": "44.jpeg", "width": 1430, "height": 1071, "position": [3.854069999869655, 1.0986672914210838, 0.7372585803256276], "rotation": [[-0.06625442601430909, 0.022596745281817418, -0.997546860120457], [-0.025882272313609733, 0.9993682218298517, 0.02435703546255687], [0.9974670215167005, 0.027432540883205916, -0.06562771279949228]], "fy": 1007.9013840044225, "fx": 1005.5420794547935}, {"id": 46, "img_name": "45.jpeg", "width": 1430, "height": 1071, "position": [3.8160343980051956, 1.1242488874409686, -0.09297686956996128], "rotation": [[0.12391606371263184, 0.10311369367184128, -0.9869206530067735], [-0.021965087301371523, 0.9946275604952295, 0.10116101444307335], [0.9920495673573017, 0.009142323591858055, 0.1255152334401353]], "fy": 1007.9013840044225, "fx": 1005.5420794547935}, {"id": 47, "img_name": "47.jpeg", "width": 1430, "height": 1071, "position": [3.4919045888826727, 1.1284007267231482, -0.9643579241522714], "rotation": [[0.45313250643890146, 0.034882102247950755, -0.890760445097986], [-0.017724025572638098, 0.9993891438837934, 0.030119727832749067], [0.8912669580579654, 0.002139633141900075, 0.4534739589481613]], "fy": 1007.9013840044225, "fx": 1005.5420794547935}, {"id": 48, "img_name": "48.jpeg", "width": 1430, "height": 1071, "position": [3.725031766847603, 1.1178896230033737, -0.6215034733317389], "rotation": [[0.37907039300052714, -0.00764999355271436, -0.9253362171389756], [-0.02004613701912424, 0.999663281756722, -0.016476513526559836], [0.9251506847757485, 0.024795175055317538, 0.37878940026476426]], "fy": 1007.9013840044225, "fx": 1005.5420794547935}, {"id": 49, "img_name": "49.jpeg", "width": 1430, "height": 1071, "position": [3.304609437197906, 1.1381766341523565, -1.3378318680259735], "rotation": [[0.5247122869653149, 0.015513857508295299, -0.8511382591170729], [-0.014542712013172825, 0.9998513778409903, 0.009259144494765318], [0.8511554061597278, 0.007519471702542248, 0.5248599166543235]], "fy": 1007.9013840044225, "fx": 1005.5420794547935}, {"id": 50, "img_name": "5.jpeg", "width": 1430, "height": 1071, "position": [1.9729750930504102, -2.2369523703320877, 2.2418110500131156], "rotation": [[-0.8014315983408141, 0.4210698393088552, -0.42474413898875885], [-0.06495137348171728, 0.6446969621827405, 0.761673910564872], [0.5945491672382747, 0.6380172547641332, -0.4893314524527447]], "fy": 1007.9013840044225, "fx": 1005.5420794547935}, {"id": 51, "img_name": "50.jpeg", "width": 1430, "height": 1071, "position": [3.0700757934627627, 1.142857020442948, -1.5278901466761212], "rotation": [[0.612301622613801, 0.04969133700851755, -0.7890611471684638], [-0.0127884740463715, 0.9985148474526401, 0.05295804328141425], [0.7905208269717323, -0.02233540783009783, 0.6120277376728867]], "fy": 1007.9013840044225, "fx": 1005.5420794547935}, {"id": 52, "img_name": "51.jpeg", "width": 1430, "height": 1071, "position": [2.916533265392506, -0.7725637145359715, 2.538397664117677], "rotation": [[-0.640293607623415, 0.42702212268112966, -0.6384952644910485], [-0.03565307976432959, 0.8138153943232336, 0.5800287595161449], [0.7673023875499868, 0.3941530295499729, -0.5058561409696118]], "fy": 1007.9013840044225, "fx": 1005.5420794547935}, {"id": 53, "img_name": "52.jpeg", "width": 1430, "height": 1071, "position": [2.819699884177465, 1.1437822230182495, -1.754395382017411], "rotation": [[0.7035067633124487, 0.028906243566456213, -0.7101004598340428], [-0.010978125266242967, 0.9994952792646478, 0.029810526552258732], [0.710603767749145, -0.013176335247744489, 0.7034690252243933]], "fy": 1007.9013840044225, "fx": 1005.5420794547935}, {"id": 54, "img_name": "54.jpeg", "width": 1430, "height": 1071, "position": [-0.17101374306512326, -1.4032067193765865, -3.415103879262788], "rotation": [[0.9991476614032999, -0.016513614660174973, 0.037831881306276204], [-0.006890181214495156, 0.8369175755798024, 0.5472855717890407], [-0.04069982942406927, -0.5470797676906733, 0.8360904566303641]], "fy": 1007.9013840044225, "fx": 1005.5420794547935}, {"id": 55, "img_name": "55.jpeg", "width": 1430, "height": 1071, "position": [2.0491073229370578, -1.121920135792942, 3.7503948356174943], "rotation": [[-0.8551700770414871, 0.31805920831330575, -0.40929510055700596], [-0.032340370968728396, 0.7553380492911796, 0.6545368833752615], [0.5173376457773603, 0.5729771123702139, -0.6356563450178321]], "fy": 1007.9013840044225, "fx": 1005.5420794547935}, {"id": 56, "img_name": "56.jpeg", "width": 1430, "height": 1071, "position": [-0.49123702387616336, -1.489906232397612, 3.726505579585169], "rotation": [[-0.9518934485038201, -0.23958980768662289, 0.19103818138841067], [-0.041091329282237424, 0.717606250892297, 0.6952357667281799], [-0.30366159677068655, 0.6539403586971739, -0.6929297525100849]], "fy": 1007.9013840044225, "fx": 1005.5420794547935}, {"id": 57, "img_name": "57.jpeg", "width": 1430, "height": 1071, "position": [0.7350156394043587, -1.3055459670108445, 3.907815452375665], "rotation": [[-0.996721980335876, 0.027176893427027008, -0.07620177411966614], [-0.02983687514510839, 0.7520159458064868, 0.6584692689369418], [0.07520009838360464, 0.6585844165453896, -0.748739949172384]], "fy": 1007.9013840044225, "fx": 1005.5420794547935}, {"id": 58, "img_name": "58.jpeg", "width": 1430, "height": 1071, "position": [-1.8080975364388157, -1.5533161936330233, 3.021601928405369], "rotation": [[-0.7738733746339523, -0.43913625522323807, 0.4563763242995514], [0.005573948475214262, 0.7158359584581717, 0.6982462400018107], [-0.6333158225806883, 0.5428979921926232, -0.5515186659961421]], "fy": 1007.9013840044225, "fx": 1005.5420794547935}, {"id": 59, "img_name": "59.jpeg", "width": 1430, "height": 1071, "position": [-2.8052533383350586, -1.580409102385659, 2.311210142654661], "rotation": [[-0.5522188604009871, -0.5748905555821374, 0.6037840502364201], [-0.0022752686740052748, 0.7252594406960788, 0.6884719070765863], [-0.8336960797376318, 0.37881340100856, -0.4018099723083435]], "fy": 1007.9013840044225, "fx": 1005.5420794547935}, {"id": 60, "img_name": "6.jpeg", "width": 1430, "height": 1071, "position": [2.5104571466010306, -1.6747483585005583, 1.2729295750943512], "rotation": [[-0.5394068516785663, 0.5728536909441853, -0.617153868280707], [-0.061948703358558975, 0.7039389118196522, 0.7075537905900564], [0.8397634229438727, 0.41989124448812676, -0.3442219288305175]], "fy": 1007.9013840044225, "fx": 1005.5420794547935}, {"id": 61, "img_name": "61.jpeg", "width": 1430, "height": 1071, "position": [-3.1718272710626367, -1.7291085753059887, 1.3446594115736774], "rotation": [[-0.26641122389805116, -0.6621690401850803, 0.7003979026250089], [0.009542214086218928, 0.7248122310305651, 0.6888803785119936], [-0.9638122254523829, 0.1902088114911197, -0.18677955482241768]], "fy": 1007.9013840044225, "fx": 1005.5420794547935}, {"id": 62, "img_name": "62.jpeg", "width": 1430, "height": 1071, "position": [-3.6139819626497474, -1.8492476993605567, -1.333238293473473], "rotation": [[0.41422176033892716, -0.5942774435882618, 0.6893871577741495], [0.00675613120708979, 0.7594085203916748, 0.6505790143000618], [-0.910150914932701, -0.2648263944525307, 0.31857855051531575]], "fy": 1007.9013840044225, "fx": 1005.5420794547935}, {"id": 63, "img_name": "63.jpeg", "width": 1430, "height": 1071, "position": [-2.2056604151456756, -1.261623200406914, -2.069896737725346], "rotation": [[0.6897348496822778, -0.45784516793896085, 0.560931046857553], [0.020676799886875243, 0.7868389931613817, 0.6168118585008083], [-0.723766749084402, -0.4138383754990925, 0.5521770475889672]], "fy": 1007.9013840044225, "fx": 1005.5420794547935}, {"id": 64, "img_name": "64.jpeg", "width": 1430, "height": 1071, "position": [-1.6592395656081689, -1.3736407012218252, -3.086425661316153], "rotation": [[0.9150433098465788, -0.21990192330995287, 0.3381403336332441], [-0.017220410018277142, 0.8162558794251502, 0.5774338029442659], [-0.4029878392505417, -0.5341998534522997, 0.7431226803077143]], "fy": 1007.9013840044225, "fx": 1005.5420794547935}, {"id": 65, "img_name": "65.jpeg", "width": 1430, "height": 1071, "position": [-1.7168853894556262, 0.9664816734344935, 4.2299165309895645], "rotation": [[-0.8437966160393615, -0.028477189504318757, 0.5359070072675458], [-0.005033508062323987, 0.9989671733711949, 0.04515805933996215], [-0.536639482853348, 0.03540672541622762, -0.8430684605879827]], "fy": 1007.9013840044225, "fx": 1005.5420794547935}, {"id": 66, "img_name": "66.jpeg", "width": 1430, "height": 1071, "position": [-1.218851670042651, 0.9671441345636408, 4.453098486449617], "rotation": [[-0.938638927940309, -0.007989556898000766, 0.3448088310000784], [-0.010199195095713353, 0.9999374304660114, -0.004594733118494851], [-0.3447505465905262, -0.007829567906610498, -0.9386616847895355]], "fy": 1007.9013840044225, "fx": 1005.5420794547935}, {"id": 67, "img_name": "67.jpeg", "width": 1430, "height": 1071, "position": [-2.1259523541523873, 0.9703634891293559, 3.9335317198034687], "rotation": [[-0.7591667031077054, -0.0561266379849213, 0.6484718323883363], [-0.0003550587429647725, 0.9963108371604297, 0.08581718761397988], [-0.6508961444238749, 0.06491930579722467, -0.7563859417710908]], "fy": 1007.9013840044225, "fx": 1005.5420794547935}, {"id": 68, "img_name": "69.jpeg", "width": 1430, "height": 1071, "position": [-3.3043176503418503, 0.9864009741769924, 2.481704643511469], "rotation": [[-0.34902512608400155, -0.02906295658552177, 0.9366625891518001], [0.01117411802171224, 0.9993188436358379, 0.03517083793099893], [-0.937046744003992, 0.02274188446105168, -0.34846263249117043]], "fy": 1007.9013840044225, "fx": 1005.5420794547935}, {"id": 69, "img_name": "7.jpeg", "width": 1430, "height": 1071, "position": [0.7464833596357356, -2.2470603754783616, 2.182099827202081], "rotation": [[-0.9974845114342812, -0.04087266778819018, -0.057914371934686924], [-0.0708594602313897, 0.5531238788771452, 0.8300800633141463], [-0.001893764618191275, 0.8320957875411804, -0.5546287172620916]], "fy": 1007.9013840044225, "fx": 1005.5420794547935}, {"id": 70, "img_name": "70.jpeg", "width": 1430, "height": 1071, "position": [-3.066351505839665, 0.9778750943261884, 2.942043791496433], "rotation": [[-0.4781966263521746, -0.015571053988812955, 0.8781147583448735], [0.009682698149455835, 0.9996885794518239, 0.022999771088881172], [-0.8781994260428236, 0.019500933087211028, -0.47789693628101737]], "fy": 1007.9013840044225, "fx": 1005.5420794547935}, {"id": 71, "img_name": "71.jpeg", "width": 1430, "height": 1071, "position": [-3.5110364803352936, 1.0003605949405336, 1.7219044683418279], "rotation": [[-0.170134806309096, -0.013496977335689305, 0.9853283611491985], [0.013351101863112405, 0.999782845918672, 0.016000283928782288], [-0.9853303485436782, 0.015877424525430485, -0.1699176613222771]], "fy": 1007.9013840044225, "fx": 1005.5420794547935}, {"id": 72, "img_name": "72.jpeg", "width": 1430, "height": 1071, "position": [-3.615570613109421, 1.011225222141086, 1.1989108292434039], "rotation": [[-0.005679553476606015, -0.014243195714806041, 0.9998824301127286], [0.01435790976230117, 0.9997943227826086, 0.01432349674214924], [-0.9998807894442034, 0.014437572770188, -0.005473882803050961]], "fy": 1007.9013840044225, "fx": 1005.5420794547935}, {"id": 73, "img_name": "73.jpeg", "width": 1430, "height": 1071, "position": [-3.7415399430831346, 1.0307415162693667, 0.07870126401565165], "rotation": [[0.2839730339188814, 0.004664111978820228, 0.9588209228351009], [0.014521369201240726, 0.9998525601409916, -0.009164486675528476], [-0.9587222986055068, 0.016525859703921834, 0.2838634356827578]], "fy": 1007.9013840044225, "fx": 1005.5420794547935}, {"id": 74, "img_name": "74.jpeg", "width": 1430, "height": 1071, "position": [-3.7123183626413723, 1.0221024110282293, 0.6388344651309759], "rotation": [[0.1643079749505704, -0.006002099063230271, 0.9863908272964008], [0.015291199800724289, 0.9998768267288096, 0.003537029739820049], [-0.9862905599144185, 0.014501937027901217, 0.16437951589581265]], "fy": 1007.9013840044225, "fx": 1005.5420794547935}, {"id": 75, "img_name": "76.jpeg", "width": 1430, "height": 1071, "position": [-3.58763050847192, 1.0421142546311901, -0.38913918606885317], "rotation": [[0.3618561768919371, -0.01727977853255707, 0.9320737720261293], [0.014423312245036407, 0.9998122954778469, 0.01293606876917802], [-0.932122349967553, 0.008762594660515797, 0.3620374864924656]], "fy": 1007.9013840044225, "fx": 1005.5420794547935}, {"id": 76, "img_name": "77.jpeg", "width": 1430, "height": 1071, "position": [-3.0883705564153727, 1.0725258969384823, -1.4647446119686791], "rotation": [[0.686299038008081, -0.0473772050489496, 0.7257747797153965], [0.015358199741415562, 0.9985976734117904, 0.050663718352109186], [-0.7271573118176601, -0.023623867132813944, 0.6860642511979512]], "fy": 1007.9013840044225, "fx": 1005.5420794547935}, {"id": 77, "img_name": "78.jpeg", "width": 1430, "height": 1071, "position": [-3.3869020283609874, 1.0607077429573544, -0.8950456179664594], "rotation": [[0.5562886253678284, -0.06366002037259381, 0.8285471423476957], [0.01491548391229397, 0.9976656173863956, 0.06663965954808398], [-0.8308552783885013, -0.024712703032719528, 0.5559395548823475]], "fy": 1007.9013840044225, "fx": 1005.5420794547935}, {"id": 78, "img_name": "79.jpeg", "width": 1430, "height": 1071, "position": [-2.6989637966646343, 1.0802706591197015, -2.018263519670097], "rotation": [[0.7682788746881262, -0.03965107782651283, 0.6388860326655627], [0.01640008285501731, 0.9989712995132705, 0.04227741750765081], [-0.6399051554646947, -0.022003062876869522, 0.7681388267974361]], "fy": 1007.9013840044225, "fx": 1005.5420794547935}, {"id": 79, "img_name": "8.jpeg", "width": 1430, "height": 1071, "position": [-0.6095145704250199, -2.389268551598299, 1.7341973045953167], "rotation": [[-0.7534271334757502, -0.5899555932933197, 0.2903445409930084], [-0.056453130946213695, 0.497975514792995, 0.8653516225633491], [-0.6551035021650267, 0.6355885340442972, -0.40849310501223624]], "fy": 1007.9013840044225, "fx": 1005.5420794547935}, {"id": 80, "img_name": "80.jpeg", "width": 1430, "height": 1071, "position": [-2.4682456523259924, 1.090220103584288, -2.383277031555803], "rotation": [[0.8483855355263569, -0.039645236919978025, 0.5278922601243697], [0.015710738601467267, 0.9986381426175318, 0.049749701526768116], [-0.5291456848564986, -0.033913349863511855, 0.847853011375664]], "fy": 1007.9013840044225, "fx": 1005.5420794547935}, {"id": 81, "img_name": "81.jpeg", "width": 1430, "height": 1071, "position": [-1.886332950037155, 1.1066400844662778, -3.0610705357124446], "rotation": [[0.9469085143347258, -0.025732817924669433, 0.32047166421082907], [0.014758137915217118, 0.9992200002893591, 0.03662769972313937], [-0.32116423033345093, -0.02995351570999377, 0.9465496944434206]], "fy": 1007.9013840044225, "fx": 1005.5420794547935}, {"id": 82, "img_name": "83.jpeg", "width": 1430, "height": 1071, "position": [-1.4603951041613075, 1.1134037741967162, -3.346439633240955], "rotation": [[0.9808111590083317, -0.016362043666410867, 0.1942723703767252], [0.012121896063755409, 0.9996620959089153, 0.022994643698351653], [-0.19458296431227615, -0.020198453654997863, 0.9806780778978363]], "fy": 1007.9013840044225, "fx": 1005.5420794547935}, {"id": 83, "img_name": "84.jpeg", "width": 1430, "height": 1071, "position": [-1.118485810740242, 1.1244681377057475, -3.532720326444814], "rotation": [[0.993423884484979, -0.013190456252627283, 0.11373213089810125], [0.010485832924264141, 0.9996485934064022, 0.02434619084140282], [-0.11401330204261137, -0.022993511355360974, 0.9932131017021931]], "fy": 1007.9013840044225, "fx": 1005.5420794547935}, {"id": 84, "img_name": "85.jpeg", "width": 1430, "height": 1071, "position": [-0.17063312592376273, 1.13715729698216, -3.9404371778331577], "rotation": [[0.9910175544012946, -0.009815061419785557, -0.13337117918727082], [0.006115088899752653, 0.9995857575764828, -0.02812328106741868], [0.13359196291777956, 0.027055088607778485, 0.9906670528609498]], "fy": 1007.9013840044225, "fx": 1005.5420794547935}, {"id": 85, "img_name": "86.jpeg", "width": 1430, "height": 1071, "position": [-0.7490955478217837, 1.128069531952175, -3.733507614742047], "rotation": [[0.9998864061806892, -0.008462061468973884, 0.012472700219319644], [0.008657477079670925, 0.9998393031277181, -0.015697643507684014], [-0.012337861471125424, 0.01580384246867416, 0.9997989876657932]], "fy": 1007.9013840044225, "fx": 1005.5420794547935}, {"id": 86, "img_name": "87.jpeg", "width": 1430, "height": 1071, "position": [0.3189873098073631, 1.1470496057648751, -3.9333560435455235], "rotation": [[0.9663285857910372, 0.0007859454191515214, -0.2573100203507282], [0.0039798449486783535, 0.9998300611204264, 0.018000269834335787], [0.25728044060378646, -0.01841822927760794, 0.9661612410529614]], "fy": 1007.9013840044225, "fx": 1005.5420794547935}, {"id": 87, "img_name": "88.jpeg", "width": 1430, "height": 1071, "position": [0.014265353217152325, 1.1452871972297234, -3.9331243828869167], "rotation": [[0.9835432515873795, -0.001415763756323787, -0.1806672850017703], [0.00576158702613914, 0.9997064867747073, 0.023531774593355273], [0.18058094133065328, -0.02418544838448391, 0.9832627256814817]], "fy": 1007.9013840044225, "fx": 1005.5420794547935}, {"id": 88, "img_name": "89.jpeg", "width": 1430, "height": 1071, "position": [0.5770279605981854, 1.1553299830660229, -3.95341123440135], "rotation": [[0.9448197164673893, 0.0026249264937656135, -0.3275802392321375], [0.0029688885493458954, 0.9998582186860778, 0.016574927652479615], [0.32757730244213157, -0.01663286766633156, 0.9446779655723588]], "fy": 1007.9013840044225, "fx": 1005.5420794547935}, {"id": 89, "img_name": "90.jpeg", "width": 1430, "height": 1071, "position": [0.8716989880594991, 1.1547416722587995, -3.9524342436745337], "rotation": [[0.9310107783770528, -0.020658351444405462, -0.364406590309991], [0.0026976920220050265, 0.9987591644229404, -0.0497277984526191], [0.36498171598521023, 0.04531405959290479, 0.9299112769504958]], "fy": 1007.9013840044225, "fx": 1005.5420794547935}, {"id": 90, "img_name": "91.jpeg", "width": 1430, "height": 1071, "position": [1.4849197701677896, 1.158776481034177, -3.7225428497850714], "rotation": [[0.8749325416608703, -0.015787699317384104, -0.4839873924939711], [8.502873924054978e-05, 0.9994733832941151, -0.032449173436751785], [0.4842448144409632, 0.028349684952019557, 0.8744731299760778]], "fy": 1007.9013840044225, "fx": 1005.5420794547935}, {"id": 91, "img_name": "92.jpeg", "width": 1430, "height": 1071, "position": [1.1853196240521888, 1.1554209426278468, -3.8420101303593275], "rotation": [[0.9056521584771898, -0.032783841727858226, -0.42275215856003595], [0.0014254666480502363, 0.9972363652412718, -0.07428054849832544], [0.4240190277457397, 0.06666971997795944, 0.903195998965683]], "fy": 1007.9013840044225, "fx": 1005.5420794547935}, {"id": 92, "img_name": "93.jpeg", "width": 1430, "height": 1071, "position": [-0.02387668687353857, 0.9863908388993926, 4.054031670011059], "rotation": [[-0.9950701031690132, -0.015216071380310805, 0.0979998007699887], [-0.012448150074143585, 0.999507855037645, 0.028793945158272907], [-0.09838970138657702, 0.027432077752064556, -0.9947697963706295]], "fy": 1007.9013840044225, "fx": 1005.5420794547935}]